xcenter = 1272.6149
ycenter = 1040.2262
factor0 = 0.9998590414388244
factor1 = 5.648639258287411e-06
factor2 = -2.0504288131196075e-08
factor3 = 3.0438714242239726e-12
factor4 = 8.911826507833856e-16
